"","left.1","left.2","left.3","left.4","left.5","left.6","left.7","left.8","left.9","left.10","left.11","left.12","left.13","left.14","left.15","left.16","left.17","left.18","left.19","left.20","left.21","left.22","left.23","left.24","left.25","left.26","left.27","left.28","left.29","left.30","left.31","left.32","left.33","left.34","left.35","left.36","left.37","left.38","left.39","left.40","left.41","left.42","left.43","left.44","left.45","left.46","left.47","left.48","left.49","left.50","left.51","left.52","left.53","left.54","left.55","left.56","left.57","left.58","left.59","left.60","left.61","left.62","left.63","left.64","left.65","left.66","left.67","left.68","left.69","left.70","left.71","left.72","left.73","left.74","left.75","left.76","left.77","left.78","left.79","left.80","left.81","left.82","left.83","left.84","left.85","left.86","left.87","left.88","left.89","left.90","left.91","left.92","left.93","left.94","left.95","left.96","left.97","left.98","left.99","left.100","left.101","left.102","left.103","left.104","left.105","left.106","left.107","left.108","left.109","left.110","left.111","left.112","left.113","left.114","left.115","left.116","left.117","left.118","left.119","left.120","left.121","left.122","left.123","left.124","left.125","left.126","left.127","left.128","left.129","left.130","left.131","left.132","left.133","left.134","left.135","left.136","left.137","left.138","left.139","left.140","left.141","left.142","left.143","left.144","left.145","left.146","left.147","left.148","left.149","left.150","left.151","left.152","left.153","left.154","left.155","left.156","left.157","left.158","left.159","left.160","left.161","left.162","left.163","left.164","left.165","left.166","left.167","left.168","left.169","left.170","left.171","left.172","left.173","left.174","left.175","left.176","left.177","left.178","left.179","left.180","left.181","left.182","left.183","left.184","left.185","left.186","left.187","left.188","left.189","left.190","left.191","left.192","left.193","left.194","left.195","left.196","left.197","left.198","left.199","left.200","left.201","left.202","left.203","left.204","left.205","left.206","left.207","left.208","left.209","left.210","left.211","left.212","left.213","left.214","left.215","left.216","left.217","left.218","left.219","left.220","left.221","left.222","left.223","left.224","left.225","left.226","left.227","left.228","left.229","left.230","left.231","left.232","left.233","left.234","left.235","left.236","left.237","left.238","left.239","left.240","left.241","left.242","left.243","left.244","left.245","left.246","left.247","left.248","left.249","left.250","left.251","left.252","left.253","left.254","left.255","left.256","left.257","left.258","left.259","left.260","left.261","left.262","left.263","left.264","left.265","left.266","left.267","left.268","left.269","left.270","left.271","left.272","left.273","left.274","left.275","left.276","left.277","left.278","left.279","left.280","left.281","left.282","left.283","left.284","left.285","left.286","left.287","left.288","left.289","left.290","left.291","left.292","left.293","left.294","left.295","left.296","left.297","left.298","left.299","left.300","left.301","left.302","left.303","left.304","left.305","left.306","left.307","left.308","left.309","left.310","left.311","left.312","left.313","left.314","left.315","left.316","left.317","left.318","left.319","left.320","left.321","left.322","left.323","left.324","left.325","left.326","left.327","left.328","left.329","left.330","right.1","right.2","right.3","right.4","right.5","right.6","right.7","right.8","right.9","right.10","right.11","right.12","right.13","right.14","right.15","right.16","right.17","right.18","right.19","right.20","right.21","right.22","right.23","right.24","right.25","right.26","right.27","right.28","right.29","right.30","right.31","right.32","right.33","right.34","right.35","right.36","right.37","right.38","right.39","right.40","right.41","right.42","right.43","right.44","right.45","right.46","right.47","right.48","right.49","right.50","right.51","right.52","right.53","right.54","right.55","right.56","right.57","right.58","right.59","right.60","right.61","right.62","right.63","right.64","right.65","right.66","right.67","right.68","right.69","right.70","right.71","right.72","right.73","right.74","right.75","right.76","right.77","right.78","right.79","right.80","right.81","right.82","right.83","right.84","right.85","right.86","right.87","right.88","right.89","right.90","right.91","right.92","right.93","right.94","right.95","right.96","right.97","right.98","right.99","right.100","right.101","right.102","right.103","right.104","right.105","right.106","right.107","right.108","right.109","right.110","right.111","right.112","right.113","right.114","right.115","right.116","right.117","right.118","right.119","right.120","right.121","right.122","right.123","right.124","right.125","right.126","right.127","right.128","right.129","right.130","right.131","right.132","right.133","right.134","right.135","right.136","right.137","right.138","right.139","right.140","right.141","right.142","right.143","right.144","right.145","right.146","right.147","right.148","right.149","right.150","right.151","right.152","right.153","right.154","right.155","right.156","right.157","right.158","right.159","right.160","right.161","right.162","right.163","right.164","right.165","right.166","right.167","right.168","right.169","right.170","right.171","right.172","right.173","right.174","right.175","right.176","right.177","right.178","right.179","right.180","right.181","right.182","right.183","right.184","right.185","right.186","right.187","right.188","right.189","right.190","right.191","right.192","right.193","right.194","right.195","right.196","right.197","right.198","right.199","right.200","right.201","right.202","right.203","right.204","right.205","right.206","right.207","right.208","right.209","right.210","right.211","right.212","right.213","right.214","right.215","right.216","right.217","right.218","right.219","right.220","right.221","right.222","right.223","right.224","right.225","right.226","right.227","right.228","right.229","right.230","right.231","right.232","right.233","right.234","right.235","right.236","right.237","right.238","right.239","right.240","right.241","right.242","right.243","right.244","right.245","right.246","right.247","right.248","right.249","right.250","right.251","right.252","right.253","right.254","right.255","right.256","right.257","right.258","right.259","right.260","right.261","right.262","right.263","right.264","right.265","right.266","right.267","right.268","right.269","right.270","right.271","right.272","right.273","right.274","right.275","right.276","right.277","right.278","right.279","right.280","right.281","right.282","right.283","right.284","right.285","right.286","right.287","right.288","right.289","right.290","right.291","right.292","right.293","right.294","right.295","right.296","right.297","right.298","right.299","right.300","right.301","right.302","right.303","right.304","right.305","right.306","right.307","right.308","right.309","right.310","right.311","right.312","right.313","right.314","right.315","right.316","right.317","right.318","right.319","right.320","right.321","right.322","right.323","right.324","right.325","right.326","right.327","right.328","right.329","right.330"
"1",1.14169976743065,1.61594412221517,1.59303407516129,1.32663305097219,1.62587691274176,1.69709480809157,1.65301668422679,1.70760714544685,1.67787809616173,1.28959709443858,1.62370546424697,1.68440415664689,1.68126401520003,1.32491429874876,1.60926887652217,1.6600435880264,1.72196880631544,1.72154158143699,1.700835761244,1.72638243550019,1.69436297190955,1.49981755926564,1.66090451479955,1.35431458500241,1.69413634392734,1.38740384958423,1.59934559288246,1.71030448196643,1.5839905550836,1.69837378241926,1.65691323138934,1.70545051696495,1.6579763992761,1.69721802764346,1.59353297126114,1.67750585896389,1.6920596686349,1.44773631621811,1.62441308864406,1.64889554294088,1.58465812619717,1.65581145945538,1.64477920850443,1.58933830585584,1.18177084734597,1.6630568627912,1.71451495714041,1.67731794798552,1.59682848743428,1.69241939765276,1.63317732493839,0.943221825132583,1.65957107456638,1.66175142876976,1.63976687753686,1.56136387347033,1.63706708392477,1.7152569982716,1.61778868864656,1.35839593483186,1.65466604763741,0.977795888849367,1.26318242623751,1.06255894827531,1.16490953875892,1.26517359885252,1.68433680156999,0,0,0,0,0,0,0,0,0,0,0,0,0,0,0,0,0,0,0,0,0,0,0,0,0,0,0,0,0,0,0,0,0,0,0,0,0,0,0,0,0,0,0,0,0,0,0,0,0,0,0,0,0,0,0,0,0,0,0,0,0,0,0,0,0,0,0,0,0,0,0,0,0,0,0,0,0,0,0,0,0,0,0,0,0,0,0,0,0,0,0,0,0,0,0,0,0,0,0,0,0,0,0,0,0,0,0,0,0,0,0,0,0,0,0,0,0,0,0,0,0,0,0,0,0,0,0,0,0,0,0,0,0,0,0,0,0,0,0,0,0,0,0,0,0,0,0,0,0,0,0,0,0,0,0,0,0,0,0,0,0,0,0,0,0,0,0,0,0,0,0,0,0,0,0,0,0,0,0,0,0,0,0,0,0,0,0,0,0,0,0,0,0,0,0,0,0,0,0,0,0,0,0,0,0,0,0,0,0,0,0,0,0,0,0,0,0,0,0,0,0,0,0,0,0,0,0,0,0,0,0,0,0,0,0,0,0,0,0,0,0,0,0,0,0,0,0,0,0,0,0,0,0,0,0,0,0,0,0,0,0,0,0,1.17812092478286,1.8848409104853,1.91788227171104,1.57835456073652,1.87705069609152,1.8232856926802,1.85848965769133,1.8027996709415,1.81295265580682,1.38137743088244,1.9026747339045,1.79641443926276,1.80651935059224,1.71375101567635,1.9354591840555,1.82370420930049,1.78514350394353,1.75758166170178,1.7875159524448,1.77589755181466,1.78211397316077,2.01931428075305,1.84050437908507,1.44436675281449,1.8077396317204,1.67301348064278,1.86763291009608,1.77247285482591,1.87584211309886,1.79887938860722,1.8324795939134,1.78363348213562,1.83169110944962,1.79542757967107,1.94252199241833,1.83479020738481,1.78547330454772,1.71666204826263,1.89827466101361,1.85881422029043,2.00439719705706,1.94089232963153,1.85394475043452,1.89784915905193,1.345922574631,1.84298525923615,1.93270922183779,1.81826214492356,1.92500000354957,1.80219510695819,1.88038781433014,1.03443453621527,1.84144715235396,1.80572897665729,1.80561429538767,1.88467370355321,1.8453231838962,1.76812743195469,1.86155173004399,1.47821791727503,1.91214262616568,1.00640768401734,1.46360397845554,1.13273564737526,1.36383570293073,1.46761450864752,1.81324541397647,0,0,0,0,0,0,0,0,0,0,0,0,0,0,0,0,0,0,0,0,0,0,0,0,0,0,0,0,0,0,0,0,0,0,0,0,0,0,0,0,0,0,0,0,0,0,0,0,0,0,0,0,0,0,0,0,0,0,0,0,0,0,0,0,0,0,0,0,0,0,0,0,0,0,0,0,0,0,0,0,0,0,0,0,0,0,0,0,0,0,0,0,0,0,0,0,0,0,0,0,0,0,0,0,0,0,0,0,0,0,0,0,0,0,0,0,0,0,0,0,0,0,0,0,0,0,0,0,0,0,0,0,0,0,0,0,0,0,0,0,0,0,0,0,0,0,0,0,0,0,0,0,0,0,0,0,0,0,0,0,0,0,0,0,0,0,0,0,0,0,0,0,0,0,0,0,0,0,0,0,0,0,0,0,0,0,0,0,0,0,0,0,0,0,0,0,0,0,0,0,0,0,0,0,0,0,0,0,0,0,0,0,0,0,0,0,0,0,0,0,0,0,0,0,0,0,0,0,0,0,0,0,0,0,0,0,0,0,0,0,0,0,0,0,0,0,0,0,0,0,0,0,0,0,0,0,0,0,0,0,0,0,0
"2",0.25424381427337,0.376081302185868,0.366165720781408,0.378753348752882,0.396387067760336,0.269439789658502,0.392772849122059,0.401519919972699,0.384128221759357,0.284672559818573,0.32933617274665,0.381711044898165,0.356852589869118,0.309640196002898,0.368811974396876,0.380709120078665,0.418161654763779,0.392349495171348,0.391944333065338,0.39501357140202,0.38758059123536,0.403708625053618,0.383169599557678,0.297016408951986,0.392790349771523,0.314761582910869,0.34598594704329,0.384714154487457,0.401773452364585,0.405057790105659,0.373411233147026,0.383149593997064,0.384778076375469,0.39259394074961,0.333536704259521,0.385620586980629,0.386233232895679,0.146543659005279,0.357911704294126,0.372510782380666,0.310713173035547,0.361846683025278,0.384600277361906,0.373559186776493,0.281280099519692,0.375140210099393,0.376416904318135,0.390828754455759,0.34064015693382,0.361111822121439,0.357578814465235,0.21947083297994,0.375298643760289,0.392139719655616,0.396416202479135,0.428657149539857,0.359859055174743,0.385570936515278,0.341186957286518,0.292761017257511,0.353179497043468,0.226803900290279,0.273354994993367,0.245607334938294,0.254942629682845,0.29445628645594,0.391758863623984,0,0,0,0,0,0,0,0,0,0,0,0,0,0,0,0,0,0,0,0,0,0,0,0,0,0,0,0,0,0,0,0,0,0,0,0,0,0,0,0,0,0,0,0,0,0,0,0,0,0,0,0,0,0,0,0,0,0,0,0,0,0,0,0,0,0,0,0,0,0,0,0,0,0,0,0,0,0,0,0,0,0,0,0,0,0,0,0,0,0,0,0,0,0,0,0,0,0,0,0,0,0,0,0,0,0,0,0,0,0,0,0,0,0,0,0,0,0,0,0,0,0,0,0,0,0,0,0,0,0,0,0,0,0,0,0,0,0,0,0,0,0,0,0,0,0,0,0,0,0,0,0,0,0,0,0,0,0,0,0,0,0,0,0,0,0,0,0,0,0,0,0,0,0,0,0,0,0,0,0,0,0,0,0,0,0,0,0,0,0,0,0,0,0,0,0,0,0,0,0,0,0,0,0,0,0,0,0,0,0,0,0,0,0,0,0,0,0,0,0,0,0,0,0,0,0,0,0,0,0,0,0,0,0,0,0,0,0,0,0,0,0,0,0,0,0,0,0,0,0,0,0,0,0,0,0,0,0,0,0,0,0,0,0.332989530592612,0.515337569650437,0.53838887009847,0.464838062116692,0.512826053511437,0.514233565801185,0.505694485627371,0.496014003710226,0.508178352587271,0.392888036553798,0.551505698493208,0.511806755884519,0.502672785398209,0.500514641473388,0.546914796640457,0.514280501970315,0.478332721412593,0.50082071386745,0.503198323926672,0.502873497419132,0.516029115162651,0.621146043057313,0.519328233490857,0.415398998915342,0.507326987244214,0.478695918575751,0.555457934378508,0.51516001233933,0.529084396754206,0.487920464919888,0.523044709448192,0.514598072130247,0.503093432888271,0.503477226924379,0.590161303555358,0.514950056578476,0.506993784061665,0.495937906242385,0.526526312503418,0.521706237857197,0.516518112503228,0.568896607122499,0.50813931099951,0.547494597828119,0.363665553987073,0.534104464251162,0.666489482476009,0.514140194947738,0.546265820512354,0.518896967184955,0.547440314055688,0.286830689317715,0.521787054661626,0.522319112264476,0.525698058769887,0.52874313188491,0.530178556534493,0.51151914780089,0.55129973152054,0.425122642352985,0.595538943157275,0.280638242924699,0.424799569869224,0.313325627498618,0.385071148591886,0.405671184847252,0.510132394197748,0,0,0,0,0,0,0,0,0,0,0,0,0,0,0,0,0,0,0,0,0,0,0,0,0,0,0,0,0,0,0,0,0,0,0,0,0,0,0,0,0,0,0,0,0,0,0,0,0,0,0,0,0,0,0,0,0,0,0,0,0,0,0,0,0,0,0,0,0,0,0,0,0,0,0,0,0,0,0,0,0,0,0,0,0,0,0,0,0,0,0,0,0,0,0,0,0,0,0,0,0,0,0,0,0,0,0,0,0,0,0,0,0,0,0,0,0,0,0,0,0,0,0,0,0,0,0,0,0,0,0,0,0,0,0,0,0,0,0,0,0,0,0,0,0,0,0,0,0,0,0,0,0,0,0,0,0,0,0,0,0,0,0,0,0,0,0,0,0,0,0,0,0,0,0,0,0,0,0,0,0,0,0,0,0,0,0,0,0,0,0,0,0,0,0,0,0,0,0,0,0,0,0,0,0,0,0,0,0,0,0,0,0,0,0,0,0,0,0,0,0,0,0,0,0,0,0,0,0,0,0,0,0,0,0,0,0,0,0,0,0,0,0,0,0,0,0,0,0,0,0,0,0,0,0,0,0,0,0,0,0,0,0
"3",-0.149109471604684,-0.157274637189619,-0.212033898948982,-0.308343059018038,-0.168960486257981,-0.0325290560216966,-0.159228071049655,-0.137743659269583,-0.15687358580936,-0.16133517007425,-0.187142682850245,-0.158063687458128,-0.159380177961491,-0.275019022307721,-0.197176468430441,-0.165341905024985,-0.130608769238735,-0.155928432716548,-0.154039551431768,-0.151180318367774,-0.166236200411908,-0.451183010397029,-0.158715559421027,-0.177515529156599,-0.151895309217056,-0.425407980456109,-0.261574940676487,-0.16308596994259,-0.287220282045261,-0.139329108431458,-0.17421083082271,-0.157653911867075,-0.152357438183637,-0.147263564585451,-0.227645163203509,-0.146673905939449,-0.170361680613646,0.0677148146969079,-0.175371588405812,-0.165237664193416,-0.143885564306472,-0.179739470009926,-0.160204900509225,-0.266190925947782,-0.156915764136981,-0.169125432453602,-0.157663836180452,-0.144813459993039,-0.185002352103329,-0.154017967853596,-0.180855440159983,-0.139094479075023,-0.171006118435571,-0.180942990822674,-0.237922714611081,-0.327305623599692,-0.20258825288648,-0.156931287792235,-0.220017569960117,-0.171335537675007,-0.190749127804384,-0.131124436942053,-0.209954721024625,-0.133647339517883,-0.201384965111153,-0.175916536290209,-0.135670608555078,0,0,0,0,0,0,0,0,0,0,0,0,0,0,0,0,0,0,0,0,0,0,0,0,0,0,0,0,0,0,0,0,0,0,0,0,0,0,0,0,0,0,0,0,0,0,0,0,0,0,0,0,0,0,0,0,0,0,0,0,0,0,0,0,0,0,0,0,0,0,0,0,0,0,0,0,0,0,0,0,0,0,0,0,0,0,0,0,0,0,0,0,0,0,0,0,0,0,0,0,0,0,0,0,0,0,0,0,0,0,0,0,0,0,0,0,0,0,0,0,0,0,0,0,0,0,0,0,0,0,0,0,0,0,0,0,0,0,0,0,0,0,0,0,0,0,0,0,0,0,0,0,0,0,0,0,0,0,0,0,0,0,0,0,0,0,0,0,0,0,0,0,0,0,0,0,0,0,0,0,0,0,0,0,0,0,0,0,0,0,0,0,0,0,0,0,0,0,0,0,0,0,0,0,0,0,0,0,0,0,0,0,0,0,0,0,0,0,0,0,0,0,0,0,0,0,0,0,0,0,0,0,0,0,0,0,0,0,0,0,0,0,0,0,0,0,0,0,0,0,0,0,0,0,0,0,0,0,0,0,0,0,0,-0.0873660644409956,-0.0915561484339125,-0.0824829849531752,-0.107290083132333,-0.0987770013467244,-0.0774547773440175,-0.0918290459252607,-0.0868390534027207,-0.0961088079047204,-0.0899727645692315,-0.086397565633179,-0.100290765761685,-0.0795860392875126,-0.084129836380394,-0.088845207986242,-0.0992247900069672,-0.111329868283653,-0.104046591095895,-0.0907227884674827,-0.0943196004786271,-0.102834491541197,-0.07752347890465,-0.111304913692805,-0.08036081127088,-0.0971760728841973,-0.0840076619169365,-0.0876937600853386,-0.100924430194569,-0.0811467930215548,-0.0981962427130437,-0.090671812874161,-0.0894728810083009,-0.0812715218315643,-0.0978314865351685,-0.0906939076010415,-0.101141176586127,-0.0895063113234209,-0.0825023015157796,-0.0938538170587238,-0.101335202900409,-0.0586123574629268,-0.0661960906988392,-0.0976822001919344,-0.0907343857603537,-0.0882296816825268,-0.0991090113631225,-0.119089875887155,-0.112040523803429,-0.078792670593835,-0.0990553631505404,-0.0895549470459758,-0.0997473081800402,-0.0935736472363179,-0.0995255392943865,-0.0896390076549069,-0.0782102065455291,-0.0896925981454044,-0.101853438750332,-0.0901809722771964,-0.0979898561016014,-0.084240946483492,-0.0967857697870498,-0.0909835551718418,-0.0938847317382828,-0.0851180332666658,-0.0919499713875824,-0.0927602889304312,0,0,0,0,0,0,0,0,0,0,0,0,0,0,0,0,0,0,0,0,0,0,0,0,0,0,0,0,0,0,0,0,0,0,0,0,0,0,0,0,0,0,0,0,0,0,0,0,0,0,0,0,0,0,0,0,0,0,0,0,0,0,0,0,0,0,0,0,0,0,0,0,0,0,0,0,0,0,0,0,0,0,0,0,0,0,0,0,0,0,0,0,0,0,0,0,0,0,0,0,0,0,0,0,0,0,0,0,0,0,0,0,0,0,0,0,0,0,0,0,0,0,0,0,0,0,0,0,0,0,0,0,0,0,0,0,0,0,0,0,0,0,0,0,0,0,0,0,0,0,0,0,0,0,0,0,0,0,0,0,0,0,0,0,0,0,0,0,0,0,0,0,0,0,0,0,0,0,0,0,0,0,0,0,0,0,0,0,0,0,0,0,0,0,0,0,0,0,0,0,0,0,0,0,0,0,0,0,0,0,0,0,0,0,0,0,0,0,0,0,0,0,0,0,0,0,0,0,0,0,0,0,0,0,0,0,0,0,0,0,0,0,0,0,0,0,0,0,0,0,0,0,0,0,0,0,0,0,0,0,0,0,0
"4",2.53677772474839,4.64749635204134,93.2794688858157,805.792737569871,20.5234151495388,537.696185390603,1.89260705810739,1.2021725978193,2.04716092080344,2.03305291236393,22.8519246127689,3.15300953006226,9.88522834055766,34.0534905009008,5.59809272095663,5.97333203414382,0.520535748273687,0.468830738416727,2.49790762543125,1.27486004879393,2.11449780653129,308.633237254977,2.8600109783365,1.95841425998879,1.12167233211585,725.257568257424,10.3990223124674,4.15095460667362,318.237916316899,1.67246826587507,1.51014519857199,0.87260047194286,2.09864179030046,0.695445120429213,1.35015814967119,2.72019720043681,0.835226650106051,370.286709054715,13.6231023982145,0.977099358002306,1108.68494450175,1.06743421725332,9.36075631888161,45.6877176951311,2.04838785741595,1.3875196916124,1.37896167817962,2.51020987493757,289.953247510948,13.0307757444461,2.12794659191422,1.59459917280037,1.24504959226033,57.9931480851192,143.41507261106,392.369077813222,91.4180849098739,0.418792384331027,399.33093875042,1.7358084221778,1.11293191484947,3.37218096383367,1.605217780776,3.13339339217418,2.68657542018263,0.382022084231721,2.21728174706368,0,0,0,0,0,0,0,0,0,0,0,0,0,0,0,0,0,0,0,0,0,0,0,0,0,0,0,0,0,0,0,0,0,0,0,0,0,0,0,0,0,0,0,0,0,0,0,0,0,0,0,0,0,0,0,0,0,0,0,0,0,0,0,0,0,0,0,0,0,0,0,0,0,0,0,0,0,0,0,0,0,0,0,0,0,0,0,0,0,0,0,0,0,0,0,0,0,0,0,0,0,0,0,0,0,0,0,0,0,0,0,0,0,0,0,0,0,0,0,0,0,0,0,0,0,0,0,0,0,0,0,0,0,0,0,0,0,0,0,0,0,0,0,0,0,0,0,0,0,0,0,0,0,0,0,0,0,0,0,0,0,0,0,0,0,0,0,0,0,0,0,0,0,0,0,0,0,0,0,0,0,0,0,0,0,0,0,0,0,0,0,0,0,0,0,0,0,0,0,0,0,0,0,0,0,0,0,0,0,0,0,0,0,0,0,0,0,0,0,0,0,0,0,0,0,0,0,0,0,0,0,0,0,0,0,0,0,0,0,0,0,0,0,0,0,0,0,0,0,0,0,0,0,0,0,0,0,0,0,0,0,0,0,1.65668652094246,2.27251503990556,1.45524807571928,4.92375467694728,3.59385413851851,9.07289248348388,1.15277148070891,1.17024569985369,0.393451600262779,0.763586639732239,0.429547287174501,1.75210973572757,1.30475888291767,0.782592180781648,0.87737325922717,1.54358461724405,1.89884344738675,2.28819294022833,0.411998492156272,0.660622051073005,0.590990334756498,1.49223450466889,0.847092965927004,0.771172626817133,1.2517133243382,0.588353955594357,0.531413372609677,0.268844332164008,1.70307762360608,1.3750325480687,0.323755598990829,0.838618518577277,1.9333865063636,2.23621460452341,1.19151441464055,1.33890878434249,1.36620576842324,2.2347581159338,0.40171798616575,0.656010771766887,15.4376019891824,1.28403008843452,2.25374441614986,2.24272561883845,1.4551084653649,0.701551085407118,0.193491937516228,2.19271789201593,1.54076635511956,0.737388381556229,1.13335028178335,0.602070597560669,0.952132711707236,0.582076900249376,1.12988209675677,2.55048864112541,2.66186293529609,1.50432853806706,1.31370766055625,0.247519845499482,1.55162363373893,1.87935342305354,1.53418371400403,2.84424594738448,1.08590135006671,2.33700466034497,2.59168013832459,0,0,0,0,0,0,0,0,0,0,0,0,0,0,0,0,0,0,0,0,0,0,0,0,0,0,0,0,0,0,0,0,0,0,0,0,0,0,0,0,0,0,0,0,0,0,0,0,0,0,0,0,0,0,0,0,0,0,0,0,0,0,0,0,0,0,0,0,0,0,0,0,0,0,0,0,0,0,0,0,0,0,0,0,0,0,0,0,0,0,0,0,0,0,0,0,0,0,0,0,0,0,0,0,0,0,0,0,0,0,0,0,0,0,0,0,0,0,0,0,0,0,0,0,0,0,0,0,0,0,0,0,0,0,0,0,0,0,0,0,0,0,0,0,0,0,0,0,0,0,0,0,0,0,0,0,0,0,0,0,0,0,0,0,0,0,0,0,0,0,0,0,0,0,0,0,0,0,0,0,0,0,0,0,0,0,0,0,0,0,0,0,0,0,0,0,0,0,0,0,0,0,0,0,0,0,0,0,0,0,0,0,0,0,0,0,0,0,0,0,0,0,0,0,0,0,0,0,0,0,0,0,0,0,0,0,0,0,0,0,0,0,0,0,0,0,0,0,0,0,0,0,0,0,0,0,0,0,0,0,0,0,0
"5",0.000378788282103866,3.94204011678541e-07,1.02071092605233e-129,0,1.58098103927063e-29,0,0.00322770911434665,0.0293222026052374,0.00197087880441301,0.00206141607890951,1.76627983608556e-32,5.1973150414248e-05,1.46402349981896e-14,1.64698480413054e-45,2.36083638633858e-08,5.64109443406028e-09,0.34528218805212,0.427851461908199,0.00043021281710575,0.0233572308331756,0.00163283294293494,0,0.000135338908870914,0.00280828654719399,0.0393868079215127,0,1.68192112012105e-14,1.99575939134475e-06,0,0.00622188554069605,0.0111976452441958,0.0960321664547603,0.00163554399851069,0.181651574159076,0.0214467062274625,0.000207735253654737,0.111031378976895,0,1.34082703674703e-19,0.0670738005074962,0,0.0499142163564671,8.12001230342848e-14,4.0914344953988e-61,0.00196332366551109,0.0167795516385709,0.0167587869845961,0.000403123461184819,0,4.49033835376461e-19,0.00165938462094582,0.0079872544611895,0.0267900735385843,1.16647391642864e-81,2.33609156578025e-195,0,2.94017220635905e-128,0.513440583465442,0,0.00542690601177957,0.0436839308909507,2.130003652787e-05,0.00905553963805501,4.71126280064668e-05,0.000276017162131782,0.588383063780675,0.00110573546419002,0,0,0,0,0,0,0,0,0,0,0,0,0,0,0,0,0,0,0,0,0,0,0,0,0,0,0,0,0,0,0,0,0,0,0,0,0,0,0,0,0,0,0,0,0,0,0,0,0,0,0,0,0,0,0,0,0,0,0,0,0,0,0,0,0,0,0,0,0,0,0,0,0,0,0,0,0,0,0,0,0,0,0,0,0,0,0,0,0,0,0,0,0,0,0,0,0,0,0,0,0,0,0,0,0,0,0,0,0,0,0,0,0,0,0,0,0,0,0,0,0,0,0,0,0,0,0,0,0,0,0,0,0,0,0,0,0,0,0,0,0,0,0,0,0,0,0,0,0,0,0,0,0,0,0,0,0,0,0,0,0,0,0,0,0,0,0,0,0,0,0,0,0,0,0,0,0,0,0,0,0,0,0,0,0,0,0,0,0,0,0,0,0,0,0,0,0,0,0,0,0,0,0,0,0,0,0,0,0,0,0,0,0,0,0,0,0,0,0,0,0,0,0,0,0,0,0,0,0,0,0,0,0,0,0,0,0,0,0,0,0,0,0,0,0,0,0,0,0,0,0,0,0,0,0,0,0,0,0,0,0,0,0,0.00565464524171726,0.000730455830340798,0.0108888554289665,9.59443842172799e-08,8.26188077391821e-06,5.86583251895187e-14,0.0314870163279529,0.0296094672069119,0.547209067841982,0.131376837426401,0.476797200223098,0.00425192745582002,0.0183879402960974,0.12126594275418,0.0856947891726163,0.0085163570473728,0.00267977353447201,0.000691044061218415,0.509022698181647,0.195142611397079,0.258024894761118,0.00959661945964802,0.0984946821332193,0.1265857324665,0.0229716338652328,0.256408027967526,0.322392455259772,0.817400478219076,0.00478491421165062,0.0150051732022864,0.692859460169149,0.0990512641274727,0.00223544125649703,0.000824209273572234,0.0274876877208829,0.0170300518703932,0.0150724124643402,0.000781595613043347,0.528682719435197,0.200805702100232,8.31674496093303e-24,0.0194357453103068,0.000776652934996529,0.000807383138469328,0.0111194262742816,0.168934856423274,0.952444080529077,0.00100054641278885,0.00814619826274673,0.147570158601664,0.0337194822855496,0.24717626279602,0.0649682643664972,0.26721391607213,0.0341295222631342,0.000266382926509741,0.000197349223929829,0.00973457535898301,0.0180512374265672,0.861474768617799,0.00786020477543859,0.00282311181659891,0.00853967978320163,0.000106905019852627,0.0399548230093983,0.00058810371144742,0.000249853934763598,0,0,0,0,0,0,0,0,0,0,0,0,0,0,0,0,0,0,0,0,0,0,0,0,0,0,0,0,0,0,0,0,0,0,0,0,0,0,0,0,0,0,0,0,0,0,0,0,0,0,0,0,0,0,0,0,0,0,0,0,0,0,0,0,0,0,0,0,0,0,0,0,0,0,0,0,0,0,0,0,0,0,0,0,0,0,0,0,0,0,0,0,0,0,0,0,0,0,0,0,0,0,0,0,0,0,0,0,0,0,0,0,0,0,0,0,0,0,0,0,0,0,0,0,0,0,0,0,0,0,0,0,0,0,0,0,0,0,0,0,0,0,0,0,0,0,0,0,0,0,0,0,0,0,0,0,0,0,0,0,0,0,0,0,0,0,0,0,0,0,0,0,0,0,0,0,0,0,0,0,0,0,0,0,0,0,0,0,0,0,0,0,0,0,0,0,0,0,0,0,0,0,0,0,0,0,0,0,0,0,0,0,0,0,0,0,0,0,0,0,0,0,0,0,0,0,0,0,0,0,0,0,0,0,0,0,0,0,0,0,0,0,0,0,0,0,0,0,0,0,0,0,0,0,0,0,0,0,0,0,0,0,0
